%YAML:1.0
---
model_type: PINHOLE
camera_name: camera
image_width: 640
image_height: 480
distortion_parameters:
   k1: 0.0
   k2: 0.0
   p1: 0.00
   p2: 0.00
projection_parameters:
   fx: 383.75323486328125
   fy: 383.75323486328125
   cx: 323.21124267578125
   cy: 241.78216552734375
