%YAML:1.0
---
model_type: PINHOLE
camera_name: camera
image_width: 640
image_height: 480
distortion_parameters:
   k1: 0.0067922149819014755
   k2: -0.013519162474407528
   p1: 0.00010589282195571589
   p2: 0.0010264482374068504
projection_parameters:
   fx: 386.5210984811484
   fy: 387.23345349784233
   cx: 323.2681273138104
   cy: 243.4107727942195
