%YAML:1.0
---
model_type: PINHOLE
camera_name: camera
image_width: 640
image_height: 480
distortion_parameters:
   k1: 0.0005101127558405178
   k2: -0.0023734892457272245
   p1: 0.00046989953345144103
   p2: 0.001187509999710212
projection_parameters:
   fx: 384.6843530884289
   fy: 385.1244786388621
   cx: 324.11107654628495
   cy: 242.32012638752894