%YAML:1.0

cam0:
  T_cam_imu: #rotation from camera to IMU R_CtoI, position of camera in IMU p_CinI
    - [0.9999591301079823, 0.009034017636768407, -0.0003530425305350771, -0.006263238080124488]
    - [-0.00904081375559717, 0.9993687017260906, -0.03435784767629395, 0.001984777277131364]
    - [4.243025352589156e-05, 0.03435963526653579, 0.9994095325060827, -0.014059156213800574]
    - [0.0, 0.0, 0.0, 1.0]
  cam_overlaps: []
  camera_model: pinhole
  distortion_coeffs: [-0.05121035729346418, -0.007625201590361408, 0.0011274314550098138, -0.0003196245842252496]
  distortion_model: equidistant
  intrinsics: [234.65927417358702, 234.5552980813496, 328.45194114625724, 241.81652137332975]
  resolution: [640, 480]
  rostopic: /cam0/image_rect/repub
  timeshift_cam_imu: 0.003340366159297824
cam1:
  T_cam_imu: #rotation from camera to IMU R_CtoI, position of camera in IMU p_CinI
    - [0.9999437501717354, 0.010109423094010028, -0.0032087469817244077, 0.054418279564533864]
    - [-0.010232646854331812, 0.9991049865925136, -0.04104288859629933, 0.0017162975680986687]
    - [0.0027909551843342227, 0.04107341391557319, 0.9991522332650212, -0.013745138979242242]
    - [0.0, 0.0, 0.0, 1.0]
  cam_overlaps: []
  distortion_coeffs: [-0.051499634115098676, -0.008119229058982836, 0.0018788293748688313, -0.00047478737662672363]
  distortion_model: equidistant
  intrinsics: [236.7091174996136, 236.6375117360301, 321.1944406570537, 248.25731833323232]
  resolution: [640, 480]
  rostopic: /cam1/image_rect/repub
  timeshift_cam_imu: 0.0033596451458905827
