%YAML:1.0
---
type: IMU
name: d435i
Gyr:
   unit: " rad/s"
   avg-axis:
      gyr_n: 4.9601338511912419e-03
      gyr_w: 1.4235988107815241e-04
   x-axis:
      gyr_n: 5.2669831733126319e-03
      gyr_w: 1.3413161153626288e-04
   y-axis:
      gyr_n: 6.7119516274138508e-03
      gyr_w: 2.5973552737065461e-04
   z-axis:
      gyr_n: 2.9014667528472456e-03
      gyr_w: 3.3212504327539752e-05
Acc:
   unit: " m/s^2"
   avg-axis:
      acc_n: 2.7650353200723135e-02
      acc_w: 1.3601189569325837e-03
   x-axis:
      acc_n: 2.2254932970641211e-02
      acc_w: 1.0874361588562201e-03
   y-axis:
      acc_n: 1.7936163708600180e-02
      acc_w: 8.7314063143016185e-04
   z-axis:
      acc_n: 4.2759962922928010e-02
      acc_w: 2.1197800805113692e-03
