%YAML:1.0
---
type: IMU
name: d435i
Gyr:
   unit: " rad/s"
   avg-axis:
      gyr_n: 3.4439571495504145e-01
      gyr_w: 4.8477797168896648e-03
   x-axis:
      gyr_n: 4.6878333974335118e-01
      gyr_w: 4.8477797168896648e-03
   y-axis:
      gyr_n: 1.5466806932575339e-01
      gyr_w: 4.8477797168896648e-03
   z-axis:
      gyr_n: 4.0973573579601991e-01
      gyr_w: 4.8477797168896648e-03
Acc:
   unit: " m/s^2"
   avg-axis:
      acc_n: 1.5793645908110474e+00
      acc_w: 1.4528401098638824e-02
   x-axis:
      acc_n: 6.8332889231293659e-01
      acc_w: 8.7488759034676476e-03
   y-axis:
      acc_n: 3.4626105901041688e+00
      acc_w: 2.9714160309026270e-02
   z-axis:
      acc_n: 5.9215429001603637e-01
      acc_w: 5.1221670834225600e-03
