NAME : single
TYPE : ATSP
DIMENSION : 34
EDGE_WEIGHT_TYPE : EXPLICIT
EDGE_WEIGHT_FORMAT : FULL_MATRIX
EDGE_WEIGHT_SECTION
0 1088 1041 1003 1071 1180 1181 1135 1059 1197 1173 917 993 958 1020 677 763 788 783 800 767 713 643 650 639 651 696 337 165 155 198 169 137 189 
0 0 67 103 113 184 170 128 247 213 190 314 309 307 478 881 965 920 232 275 320 337 438 392 430 428 446 656 900 893 832 917 882 928 
0 67 0 78 333 261 226 219 218 202 166 253 239 248 428 738 871 836 231 240 345 363 382 355 377 382 405 623 862 842 778 845 831 876 
0 103 78 0 383 385 429 424 313 305 271 224 222 217 407 708 832 810 192 205 297 250 357 316 350 379 409 596 840 814 771 848 811 858 
0 113 333 383 0 170 171 103 251 179 181 282 267 276 463 768 881 850 303 311 427 442 372 470 385 474 492 628 846 825 762 849 815 860 
0 184 261 385 170 0 346 199 209 171 103 221 193 200 372 761 859 843 320 329 360 338 500 454 492 488 508 1220 1443 1429 1353 1447 1425 1459 
0 170 226 429 171 346 0 226 137 110 122 230 200 208 376 782 890 864 325 327 402 385 542 495 534 538 565 1193 1356 1348 1296 1360 1337 1370 
0 128 219 424 103 199 226 0 155 144 137 204 189 191 377 719 849 825 302 317 395 419 480 439 472 465 487 662 924 900 840 931 906 954 
0 247 218 313 251 209 137 155 0 153 109 257 230 232 418 650 674 633 459 474 484 492 709 662 702 704 732 945 1326 1328 1207 1333 1308 1342 
0 213 202 305 179 171 110 144 153 0 78 198 181 182 327 673 686 682 388 388 440 455 608 561 601 602 630 1035 1305 1306 1228 1309 1286 1319 
0 190 166 271 181 103 122 137 109 78 0 155 182 150 291 665 734 739 329 371 409 388 549 502 541 544 572 1029 1308 1314 1189 1315 1247 1323 
0 314 253 224 282 221 230 204 257 198 155 0 310 275 285 485 627 593 432 453 496 517 636 589 628 622 643 937 1156 1144 1035 1149 1139 1159 
0 309 239 222 267 193 200 189 230 181 182 310 0 61 344 500 578 547 451 279 523 512 546 478 539 502 586 586 817 781 717 813 778 823 
0 307 248 217 276 200 208 191 232 182 150 275 61 0 240 511 593 557 415 486 475 465 694 648 686 653 645 923 1164 1168 1088 1170 1161 1180 
0 478 428 407 463 372 376 377 418 327 291 285 344 240 0 325 449 442 683 680 691 701 878 831 870 970 888 723 878 883 831 884 860 893 
0 881 738 708 768 761 782 719 650 673 665 485 500 511 325 0 320 291 304 293 417 380 474 427 466 469 530 488 604 607 545 609 585 619 
0 965 871 832 881 859 890 849 674 686 734 627 578 593 449 320 0 70 366 394 455 494 485 598 513 587 575 341 576 552 476 583 547 594 
0 920 836 810 850 843 864 825 633 682 739 593 547 557 442 291 70 0 432 493 507 550 454 600 483 588 599 394 596 565 496 601 578 623 
0 232 231 192 303 320 325 302 459 388 329 432 451 415 683 304 366 432 0 218 436 502 492 557 519 565 560 423 710 671 594 721 665 728 
0 275 240 205 311 329 327 317 474 388 371 453 279 486 680 293 394 493 218 0 206 213 381 324 410 306 287 506 638 610 548 642 619 653 
0 320 345 297 427 360 402 395 484 440 409 496 523 475 691 417 455 507 436 206 0 293 528 530 563 493 443 464 816 775 684 819 769 830 
0 337 363 250 442 338 385 419 492 455 388 517 512 465 701 380 494 550 502 213 293 0 421 351 454 300 258 529 774 735 643 779 756 818 
0 438 382 357 372 500 542 480 709 608 549 636 546 694 878 474 485 454 492 381 528 421 0 248 107 404 537 310 540 528 463 543 521 555 
0 392 355 316 470 454 495 439 662 561 502 589 478 648 831 427 598 600 557 324 530 351 248 0 311 110 82 517 577 556 583 580 573 591 
0 430 377 350 385 492 534 472 702 601 541 628 539 686 870 466 513 483 519 410 563 454 107 311 0 575 635 307 560 539 483 564 541 575 
0 428 382 379 474 488 538 465 704 602 544 622 502 653 970 469 587 588 565 306 493 300 404 110 575 0 43 555 573 563 594 571 584 594 
0 446 405 409 492 508 565 487 732 630 572 643 586 645 888 530 575 599 560 287 443 258 537 82 635 43 0 564 608 598 589 612 589 622 
0 656 623 596 628 1220 1193 662 945 1035 1029 937 586 923 723 488 341 394 423 506 464 529 310 517 307 555 564 0 211 205 120 193 170 205 
0 900 862 840 846 1443 1356 924 1326 1305 1308 1156 817 1164 878 604 576 596 710 638 816 774 540 577 560 573 608 211 0 271 155 298 151 568 
0 893 842 814 825 1429 1348 900 1328 1306 1314 1144 781 1168 883 607 552 565 671 610 775 735 528 556 539 563 598 205 271 0 129 178 161 405 
0 832 778 771 762 1353 1296 840 1207 1228 1189 1035 717 1088 831 545 476 496 594 548 684 643 463 583 483 594 589 120 155 129 0 221 127 126 
0 917 845 848 849 1447 1360 931 1333 1309 1315 1149 813 1170 884 609 583 601 721 642 819 779 543 580 564 571 612 193 298 178 221 0 182 560 
0 882 831 811 815 1425 1337 906 1308 1286 1247 1139 778 1161 860 585 547 578 665 619 769 756 521 573 541 584 589 170 151 161 127 182 0 170 
0 928 876 858 860 1459 1370 954 1342 1319 1323 1159 823 1180 893 619 594 623 728 653 830 818 555 591 575 594 622 205 568 405 126 560 170 0 
EOF