NAME : single
TYPE : ATSP
DIMENSION : 11
EDGE_WEIGHT_TYPE : EXPLICIT
EDGE_WEIGHT_FORMAT : FULL_MATRIX
EDGE_WEIGHT_SECTION
0 543 2027 2180 652 1122 1201 1109 1256 746 933 
0 0 2117 2276 592 712 784 678 738 660 583 
0 2117 0 155 2553 2018 2443 1972 2442 2480 2829 
0 2276 155 0 2578 2071 2600 2118 2606 2782 3088 
0 592 2553 2578 0 774 843 735 767 175 515 
0 712 2018 2071 774 0 581 103 534 949 1287 
0 784 2443 2600 843 581 0 536 381 841 1251 
0 678 1972 2118 735 103 536 0 493 910 1250 
0 738 2442 2606 767 534 381 493 0 988 1481 
0 660 2480 2782 175 949 841 910 988 0 346 
0 583 2829 3088 515 1287 1251 1250 1481 346 0 
EOF