NAME : single
TYPE : ATSP
DIMENSION : 31
EDGE_WEIGHT_TYPE : EXPLICIT
EDGE_WEIGHT_FORMAT : FULL_MATRIX
EDGE_WEIGHT_SECTION
0 3212 3526 3527 3615 3188 3272 3546 3353 3033 3096 2875 2778 1470 1489 1313 1464 1225 1303 1350 1257 1578 1452 1004 649 581 627 624 711 867 684 
0 0 526 1175 1745 1862 1035 1669 1419 1174 1330 1302 1186 333333 2077 2112 2106 2645 2344 2432 2478 1947 2370 3159 2885 2966 2974 3258 3518 3212 3557 
0 526 0 1013 1566 1643 786 1462 1213 884 1033 1019 906 2022 2135 2172 2367 2928 2500 2408 2327 2060 2553 3454 3191 3223 3315 3610 3810 3506 3846 
0 1175 1013 0 778 720 823 647 490 835 705 794 945 2034 2487 2376 2530 2873 2613 2497 333333 2402 2547 3471 3214 3292 3262 3548 3806 3500 3845 
0 1745 1566 778 0 318 1104 292 424 943 760 772 912 2086 2434 2267 2412 2892 2574 2467 2541 2355 2503 3423 3151 3227 3263 3552 3804 3499 3842 
0 1862 1643 720 318 0 1197 381 588 1005 843 825 974 1754 2122 1977 2186 2553 2131 2225 2185 2064 2165 2993 2751 2815 2850 3138 3392 3086 3435 
0 1035 786 823 1104 1197 0 1110 839 241 391 374 465 2212 2180 2416 2279 2918 2601 2435 2109 2126 2528 3418 3111 3186 3229 3522 3768 3463 3802 
0 1669 1462 647 292 381 1110 0 356 849 676 680 809 1980 2274 2234 2314 2889 2389 2371 2615 2212 2507 3342 3149 3177 3247 3548 3785 3480 333333 
0 1419 1213 490 424 588 839 356 0 584 425 440 578 1842 2281 2050 2254 2932 2405 2216 2303 2107 2588 333333 3181 3246 3152 3473 3727 3422 3744 
0 1174 884 835 943 1005 241 849 584 0 516 260 239 1802 1808 2087 2196 2561 2266 2149 1870 2076 2272 3109 2865 2934 2913 3208 3451 3147 3490 
0 1330 1033 705 760 843 391 676 425 516 0 233 367 2037 2216 2147 2252 2699 2420 2258 2296 2162 333333 3239 2934 3011 3032 3322 3572 3267 3608 
0 1302 1019 794 772 825 374 680 440 260 233 0 261 1644 1685 1820 1768 2251 1968 1869 1961 1604 1918 2774 2477 2556 2541 2826 3085 2780 3125 
0 1186 906 945 912 974 465 809 578 239 367 261 0 1766 1813 1785 1748 2081 1812 1774 1649 1601 1709 2681 2428 2494 2439 2727 2983 2690 3027 
0 333333 2022 2034 2086 1754 2212 1980 1842 1802 2037 1644 1766 0 369 442 447 609 410 482 1286 689 507 1140 933 1067 1087 1348 1596 1445 1654 
0 2077 2135 2487 2434 2122 2180 2274 2281 1808 2216 1685 1813 369 0 294 327 579 376 360 1206 481 579 1134 976 1126 1192 1441 1674 1473 1704 
0 2112 2172 2376 2267 1977 2416 2234 2050 2087 2147 1820 1785 442 294 0 365 460 386 404 1243 598 454 976 877 924 976 1222 1466 1226 1513 
0 2106 2367 2530 2412 2186 2279 2314 2254 2196 2252 1768 1748 447 327 365 0 554 370 261 1088 362 538 1108 946 1095 1157 1404 1638 1434 1670 
0 2645 2928 2873 2892 2553 2918 2889 2932 2561 2699 2251 2081 609 579 460 554 0 280 446 985 667 382 560 744 738 840 875 1100 955 1125 
0 2344 2500 2613 2574 2131 2601 2389 2405 2266 2420 1968 1812 410 376 386 370 280 0 350 1177 579 369 827 897 883 991 1082 1323 1102 1366 
0 2432 2408 2497 2467 2225 2435 2371 2216 2149 2258 1869 1774 482 360 404 261 446 350 0 1077 428 515 997 826 973 1031 1278 1514 1306 1549 
0 2478 2327 333333 2541 2185 2109 2615 2303 1870 2296 1961 1649 1286 1206 1243 1088 985 1177 1077 0 720 1130 903 766 918 1005 1242 1466 1304 1485 
0 1947 2060 2402 2355 2064 2126 2212 2107 2076 2162 1604 1601 689 481 598 362 667 579 428 720 0 772 1225 1050 1196 1246 1499 1738 1510 1777 
0 2370 2553 2547 2503 2165 2528 2507 2588 2272 333333 1918 1709 507 579 454 538 382 369 515 1130 772 0 824 1185 1167 1273 1150 1223 1366 1455 
0 3159 3454 3471 3423 2993 3418 3342 333333 3109 3239 2774 2681 1140 1134 976 1108 560 827 997 903 1225 824 0 478 509 665 632 612 844 1011 
0 2885 3191 3214 3151 2751 3111 3149 3181 2865 2934 2477 2428 933 976 877 946 744 897 826 766 1050 1185 478 0 159 274 478 700 594 732 
0 2966 3223 3292 3227 2815 3186 3177 3246 2934 3011 2556 2494 1067 1126 924 1095 738 883 973 918 1196 1167 509 159 0 169 328 549 473 589 
0 2974 3315 3262 3263 2850 3229 3247 3152 2913 3032 2541 2439 1087 1192 976 1157 840 991 1031 1005 1246 1273 665 274 169 0 297 513 319 595 
0 3258 3610 3548 3552 3138 3522 3548 3473 3208 3322 2826 2727 1348 1441 1222 1404 875 1082 1278 1242 1499 1150 632 478 328 297 0 408 323 567 
0 3518 3810 3806 3804 3392 3768 3785 3727 3451 3572 3085 2983 1596 1674 1466 1638 1100 1323 1514 1466 1738 1223 612 700 549 513 408 0 545 899 
0 3212 3506 3500 3499 3086 3463 3480 3422 3147 3267 2780 2690 1445 1473 1226 1434 955 1102 1306 1304 1510 1366 844 594 473 319 323 545 0 566 
0 3557 3846 3845 3842 3435 3802 333333 3744 3490 3608 3125 3027 1654 1704 1513 1670 1125 1366 1549 1485 1777 1455 1011 732 589 595 567 899 566 0 
EOF