NAME : single
TYPE : ATSP
DIMENSION : 38
EDGE_WEIGHT_TYPE : EXPLICIT
EDGE_WEIGHT_FORMAT : FULL_MATRIX
EDGE_WEIGHT_SECTION
0 1407 1959 1225 1501 1685 1466 1457 1113 1279 423 481 561 493 525 480 604 704 492 882 1472 1192 4171 3197 3785 4863 3446 3255 3969 3569 3085 2832 3422 2850 2120 1691 1095 1151 
0 0 748 278 484 417 416 756 501 400 1156 1084 1187 935 1285 1447 1758 1639 1395 2049 2408 2477 3779 3478 3996 4345 3563 3461 3995 3803 3656 3120 3765 3121 2348 2044 1956 2333 
0 748 0 835 923 547 740 589 807 754 1555 1535 1636 1505 1757 1954 2225 2099 1826 2491 2889 2731 3982 3705 4068 4585 3766 3536 4195 3705 3586 3253 3903 3409 2595 2243 1920 2095 
0 278 835 0 505 452 394 483 496 446 854 861 1039 760 1066 1254 1407 1440 1008 1595 2425 2139 3564 3150 3608 4219 3213 3122 3652 3449 3321 2844 3487 2860 2023 1777 1620 1815 
0 484 923 505 0 509 194 818 490 356 956 870 998 863 1069 1464 1525 1455 1130 2009 2280 2460 3914 3540 4113 4481 3713 3504 4146 3793 3754 3214 3844 3226 2469 2062 1939 2131 
0 417 547 452 509 0 434 457 412 282 1085 1005 1147 1001 1209 1608 1548 1587 1331 1933 2370 2169 4117 3727 4211 4438 3783 3684 4269 3514 3819 3360 3995 3375 2602 1826 1678 1908 
0 416 740 394 194 434 0 851 385 258 1126 1055 1179 1048 1252 1633 1699 1639 1312 2182 2408 2548 4031 3641 4204 4763 3816 3621 4241 3886 3857 3319 3949 3329 2570 2158 1945 2131 
0 756 589 483 818 457 851 0 614 645 1068 1031 1380 1014 1241 1430 1545 1843 1240 1978 2417 2161 3410 3078 3552 4300 3217 3017 3597 3095 3177 2735 3367 2756 1997 1570 1431 1662 
0 501 807 496 490 412 385 614 0 483 757 678 809 639 881 1148 1320 1258 1099 1698 2028 2041 3558 3442 3821 4410 3464 3240 3812 3409 3396 2943 3575 2962 2203 1768 1551 1793 
0 400 754 446 356 282 258 645 483 0 1061 1082 1225 800 1286 1310 1623 1575 1260 1985 2233 2165 3772 3383 3879 4437 3448 3352 3946 3490 3556 3010 3639 3021 2253 1881 1762 2002 
0 1156 1555 854 956 1085 1126 1068 757 1061 0 507 644 457 612 493 528 565 505 881 1451 1178 3827 3205 3694 4458 3357 3163 3748 3460 2933 2642 3232 2658 1923 1525 981 1076 
0 1084 1535 861 870 1005 1055 1031 678 1082 507 0 190 381 210 515 522 554 251 866 1450 1144 3848 3318 3607 4832 3289 3072 3754 3342 2893 2803 3458 2833 2003 1480 939 1033 
0 1187 1636 1039 998 1147 1179 1380 809 1225 644 190 0 359 193 561 445 409 290 905 1528 1251 3893 3398 3811 4551 3482 3271 4058 3631 3079 2984 3614 3001 2243 1794 1115 1195 
0 935 1505 760 863 1001 1048 1014 639 800 457 381 359 0 231 515 533 580 249 857 1436 1122 3590 3171 3573 4431 3140 3043 3628 3397 2861 2773 3411 2739 1962 1572 908 1004 
0 1285 1757 1066 1069 1209 1252 1241 881 1286 612 210 193 231 0 493 407 357 262 742 1362 1103 4065 3105 3572 4885 3398 3047 3772 3455 3236 2737 3327 2752 2017 1603 1024 1085 
0 1447 1954 1254 1464 1608 1633 1430 1148 1310 493 515 561 515 493 0 377 538 461 419 1094 788 4025 2982 3470 4824 3432 2944 3544 3591 2833 2617 3202 2637 1922 1478 867 871 
0 1758 2225 1407 1525 1548 1699 1545 1320 1623 528 522 445 533 407 377 0 477 355 574 1234 1036 4041 3275 3751 4990 3637 3225 3811 3584 3136 2904 3489 2919 2194 1760 1153 1159 
0 1639 2099 1440 1455 1587 1639 1843 1258 1575 565 554 409 580 357 538 477 0 446 802 1549 1268 4294 3442 3915 4962 3682 3389 4258 3784 3324 3073 3662 3089 2358 1933 1334 1363 
0 1395 1826 1008 1130 1331 1312 1240 1099 1260 505 251 290 249 262 461 355 446 0 628 1246 963 3876 3004 3474 4630 3434 2948 3696 3831 3433 2633 3222 2648 1916 1494 905 952 
0 2049 2491 1595 2009 1933 2182 1978 1698 1985 881 866 905 857 742 419 574 802 628 0 671 515 3952 2982 3476 4824 3089 2954 3557 3250 3097 2618 3185 2637 1956 1504 911 824 
0 2408 2889 2425 2280 2370 2408 2417 2028 2233 1451 1450 1528 1436 1362 1094 1234 1549 1246 671 0 465 3877 3061 3581 4560 3474 3044 3931 2964 2774 2652 3173 2670 2074 1568 1057 890 
0 2477 2731 2139 2460 2169 2548 2161 2041 2165 1178 1144 1251 1122 1103 788 1036 1268 963 515 465 0 2903 2546 3042 4440 2688 2528 3132 3048 2607 2189 2736 2208 1579 1141 665 491 
0 3779 3982 3564 3914 4117 4031 3410 3558 3772 3827 3848 3893 3590 4065 4025 4041 4294 3876 3952 3877 2903 0 695 589 369 463 559 505 1090 1145 827 716 797 1441 1943 2559 2699 
0 3478 3705 3150 3540 3727 3641 3078 3442 3383 3205 3318 3398 3171 3105 2982 3275 3442 3004 2982 3061 2546 695 0 517 981 433 338 667 396 477 533 486 489 1099 1515 2126 2163 
0 3996 4068 3608 4113 4211 4204 3552 3821 3879 3694 3607 3811 3573 3572 3470 3751 3915 3474 3476 3581 3042 589 517 0 830 511 526 454 818 888 858 571 839 1558 1995 2610 2654 
0 4345 4585 4219 4481 4438 4763 4300 4410 4437 4458 4832 4551 4431 4885 4824 4990 4962 4630 4824 4560 4440 369 981 830 0 611 873 742 1370 1453 1120 1019 1099 1742 2245 2858 2951 
0 3563 3766 3213 3713 3783 3816 3217 3464 3448 3357 3289 3482 3140 3398 3432 3637 3682 3434 3089 3474 2688 463 433 511 611 0 497 540 822 870 637 666 527 1189 1679 2297 2266 
0 3461 3536 3122 3504 3684 3621 3017 3240 3352 3163 3072 3271 3043 3047 2944 3225 3389 2948 2954 3044 2528 559 338 526 873 497 0 622 546 589 560 597 320 1032 1469 2084 2131 
0 3995 4195 3652 4146 4269 4241 3597 3812 3946 3748 3754 4058 3628 3772 3544 3811 4258 3696 3557 3931 3132 505 667 454 742 540 622 0 998 1049 960 506 931 1622 2070 2683 2734 
0 3803 3705 3449 3793 3514 3886 3095 3409 3490 3460 3342 3631 3397 3455 3591 3584 3784 3831 3250 2964 3048 1090 396 818 1370 822 546 998 0 375 499 498 525 1300 1631 2257 2216 
0 3656 3586 3321 3754 3819 3857 3177 3396 3556 2933 2893 3079 2861 3236 2833 3136 3324 3433 3097 2774 2607 1145 477 888 1453 870 589 1049 375 0 496 547 513 1085 1413 1989 2240 
0 3120 3253 2844 3214 3360 3319 2735 2943 3010 2642 2803 2984 2773 2737 2617 2904 3073 2633 2618 2652 2189 827 533 858 1120 637 560 960 499 496 0 590 563 726 1144 1756 1796 
0 3765 3903 3487 3844 3995 3949 3367 3575 3639 3232 3458 3614 3411 3327 3202 3489 3662 3222 3185 3173 2736 716 486 571 1019 666 597 506 498 547 590 0 577 1314 1730 2341 2369 
0 3121 3409 2860 3226 3375 3329 2756 2962 3021 2658 2833 3001 2739 2752 2637 2919 3089 2648 2637 2670 2208 797 489 839 1099 527 320 931 525 513 563 577 0 737 1161 1774 1815 
0 2348 2595 2023 2469 2602 2570 1997 2203 2253 1923 2003 2243 1962 2017 1922 2194 2358 1916 1956 2074 1579 1441 1099 1558 1742 1189 1032 1622 1300 1085 726 1314 737 0 455 1064 1135 
0 2044 2243 1777 2062 1826 2158 1570 1768 1881 1525 1480 1794 1572 1603 1478 1760 1933 1494 1504 1568 1141 1943 1515 1995 2245 1679 1469 2070 1631 1413 1144 1730 1161 455 0 614 683 
0 1956 1920 1620 1939 1678 1945 1431 1551 1762 981 939 1115 908 1024 867 1153 1334 905 911 1057 665 2559 2126 2610 2858 2297 2084 2683 2257 1989 1756 2341 1774 1064 614 0 487 
0 2333 2095 1815 2131 1908 2131 1662 1793 2002 1076 1033 1195 1004 1085 871 1159 1363 952 824 890 491 2699 2163 2654 2951 2266 2131 2734 2216 2240 1796 2369 1815 1135 683 487 0 
EOF