# The modifications of the output file from Kalibr:
# 1. For each matrix (e.g. cam0/T_cam_imu), remove the brackets and minus sign for each line. Use one pair of brackets for each matrix.
# 2. Add the T_imu_body at the end of the calibration file (usually set to identity).
cam0:
  T_cam_imu:
    [0.9999725525395076, 0.006156317349151253, 0.004122368774815963, 0.027554493026188263,
    0.006158846064653946, -0.9999808535239312, -0.0006009997496067758, 0.026688561333732146,
    0.004118589900795534, 0.000626372288395721, -0.9999913223998409, -0.020643990107545723,
    0.0, 0.0, 0.0, 1.0]
  camera_model: pinhole
  distortion_coeffs: [0.0067922149819014755, -0.013519162474407528, 0.00010589282195571589, 0.0010264482374068504]
  distortion_model: radtan
  intrinsics: [386.5210984811484, 387.23345349784233, 323.2681273138104, 243.4107727942195]
  resolution: [640, 480]
  timeshift_cam_imu: 0.007054756399766151
cam1:
  T_cam_imu:
    [0.9999125980245259, 0.006426216028216755, 0.011554222578844996, -0.02239432820865814,
    0.006486974798179604, -0.9999652887391092, -0.005228811994876279, 0.026567368523176753,
    0.011520220041760666, 0.00530330693706007, -0.9999195764988905, -0.020865352623833305,
    0.0, 0.0, 0.0, 1.0]
  T_cn_cnm1:
    [0.9999723455545947, -0.0002747293043608881, -0.007431867184379939, -0.05009415049336874,
    0.000309138000284433, 0.9999892377215445, 0.004629133264003168, -3.3859940391184454e-05,
    0.007430515441994463, -0.004631302720449816, 0.9999616685030344, -0.000303295110549308,
    0.0, 0.0, 0.0, 1.0]
  camera_model: pinhole
  distortion_coeffs: [0.0005101127558405178, -0.0023734892457272245, 0.00046989953345144103, 0.001187509999710212]
  distortion_model: radtan
  intrinsics: [384.6843530884289, 385.1244786388621, 324.11107654628495, 242.32012638752894]
  resolution: [640, 480]
  timeshift_cam_imu: 0.00703715667731474
T_imu_body:
  [1.0000, 0.0000, 0.0000, 0.0000,
  0.0000, 1.0000, 0.0000, 0.0000,
  0.0000, 0.0000, 1.0000, 0.0000,
  0.0000, 0.0000, 0.0000, 1.0000]

