%YAML:1.0

cam0:
  T_cam_imu: #rotation from camera to IMU R_CtoI, position of camera in IMU p_CinI
    - [9.9988824935049470e-01, 3.3189741167357601e-03, -1.4576461217159871e-02, 1.9971538544592250e-02]
    - [-3.2585264029801439e-03, 9.9998600173132990e-01, 4.1687344685999439e-03, 2.8877103510154006e-01]
    - [1.4590093093740321e-02, -4.1207708260773308e-03, 9.9988506761093043e-01, -1.2343202909524219e-01]
    - [0.0, 0.0, 0.0, 1.0]
  cam_overlaps: []
  camera_model: pinhole
  distortion_coeffs: [0.010337836539363966, -0.013230561806426207, 0.00, 0.00]
  distortion_model: radtan
  intrinsics: [385.49690400153810, 385.82648105640931, 323.41563728536465, 242.45807056436476]
  resolution: [640, 480]
  timeshift_cam_imu: 0.00394434512500453
  rostopic: /camera/infra1/image_rect_raw
cam1:
  T_cam_imu: #rotation from camera to IMU R_CtoI, position of camera in IMU p_CinI
    - [9.9995477241562924e-01, 7.1612858509308638e-03, -6.2585228423659694e-03, 3.6101848801863831e-02]
    - [-7.1989360401098629e-03, 9.9995600170351961e-01, -6.0141480694326857e-03, 3.0023516184637757e-02]
    - [6.2151784445473902e-03, 6.0589307696912158e-03, 9.9996232974789134e-01, -9.1346176447065740e-03]
    - [0.0, 0.0, 0.0, 1.0]
  cam_overlaps: []
  camera_model: pinhole
  distortion_coeffs: [0.0088654287859440111,  -0.013008242378265523, 0.00, 0.00]
  distortion_model: radtan
  intrinsics: [384.38509260063108, 384.61223860820814, 322.91948709767900, 242.00185687793467]
  resolution: [640, 480]
  timeshift_cam_imu: 0.003937466684453765
  rostopic: /camera/infra2/image_rect_raw
