# The modifications of the output file from Kalibr:
# 1. For each matrix (e.g. cam0/T_cam_imu), remove the brackets and minus sign for each line. Use one pair of brackets for each matrix.
# 2. Add the T_imu_body at the end of the calibration file (usually set to identity).
cam0:
  T_cam_imu:
  - [ 0.995342, -0.0705924, -0.065661, 0.00817569110577449]
  - [ -0.0710788, -0.997458, -0.00509831, 0.0146628138082525]
  - [ -0.0651341, 0.00974166, -0.997829, 0.000291852838137]
  - [ 0.0, 0.0, 0.0, 1.0]
  camera_model: pinhole
  distortion_coeffs: [0.010337836539363966, -0.013230561806426207, 0.00, 0.00]
  distortion_model: radtan
  intrinsics: [385.49690400153810, 385.82648105640931, 323.41563728536465, 242.45807056436476]
  resolution: [640, 480]
  timeshift_cam_imu: 0.0
  rostopic: /camera/infra1/image_rect_raw
cam1:
  T_cam_imu:
  - [0.99721728620516437, 0.071710044635804299, 0.020380225512450004, -0.0603200519102798]
  - [0.071215713716334256, -0.99717151554702377, 0.024026874568380430, 0.0152398517897658]
  - [0.022045548609197326, -0.022508622347503240, -0.99950355462426277, 0.000291852838137]
  - [                 0,                   0,                   0,   1.000000000000000]
  T_cn_cnm1:
  - [0.999997256477881,   0.002312067192424,   0.000376008102415,  -0.110073808127187] 
  - [-0.002317135723281,   0.999898048506644,   0.014089835846648,   0.000399121547014]
  - [-0.000343393120525,  -0.014090668452714,   0.999900662637729,  -0.000853702503357] 
  - [                 0,                   0,                   0,   1.000000000000000]
  camera_model: pinhole
  distortion_coeffs: [0.0088654287859440111,  -0.013008242378265523, 0.00, 0.00]
  distortion_model: radtan
  intrinsics: [384.38509260063108, 384.61223860820814, 322.91948709767900, 242.00185687793467]
  resolution: [640, 480]
  timeshift_cam_imu: 0.0
  rostopic: /camera/infra2/image_rect_raw
