# The modifications of the output file from Kalibr:
# 1. For each matrix (e.g. cam0/T_cam_imu), remove the brackets and minus sign for each line. Use one pair of brackets for each matrix.
# 2. Add the T_imu_body at the end of the calibration file (usually set to identity).
cam0:
  T_cam_imu:
  - [0.9999774118865226, 0.004371122960933669, 0.00510578111494928, 0.020921029280003643]
  - [0.004549960382485457, -0.9993573084987564, -0.0355565438511825, 0.032201394507657306]
  - [0.004947077647580139, 0.035578971797729765, -0.999354623338766, -0.011387047874817379]
  - [0.0, 0.0, 0.0, 1.0]
  camera_model: pinhole
  distortion_coeffs: [-0.008225079706840065, -0.0063897355218649025, -0.001924274227973143, 0.002745439903125334]
  distortion_model: radtan
  intrinsics: [376.67246138045505, 377.5306498198366, 328.5385939054578, 234.56189132812125]
  resolution: [640, 480]
  timeshift_cam_imu: 0.00394434512500453
  rostopic: /infra1
cam1:
  T_cam_imu:
  - [0.999960104045794, 0.004246182217400172, 0.00785876919762162, -0.028939995555043736]
  - [0.004496462322743356, -0.9994742758788647, -0.0321084674657524, 0.03216663256901266]
  - [0.007718299249510946, 0.032142523127404996, -0.9994534936972802, -0.012452326458893555]
  - [0.0, 0.0, 0.0, 1.0]
  T_cn_cnm1:
  - [0.9999962025734341, 2.6894953706526218e-05, -0.0027557422548376916, -0.04989319121297604]
  - [-3.6403006831096436e-05, 0.9999940471129161, -0.0034502773155784673, -7.309713198125833e-05]
  - [0.0027556330551665354, 0.003450364530707853, 0.9999902506880118, -0.0012341468292391808]
  - [0.0, 0.0, 0.0, 1.0]
  camera_model: pinhole
  distortion_coeffs: [-0.00863961193460544, -0.010035255264081017, -0.0012739225360973692, 0.0025978656511089424]
  distortion_model: radtan
  intrinsics: [376.3475544594279, 376.9567633456711, 330.7096857214768, 236.41901054575075]
  resolution: [640, 480]
  timeshift_cam_imu: 0.003937466684453765
  rostopic: /infra2
T_imu_body:
  [1.0000, 0.0000, 0.0000, 0.0000,
  0.0000, 1.0000, 0.0000, 0.0000,
  0.0000, 0.0000, 1.0000, 0.0000,
  0.0000, 0.0000, 0.0000, 1.0000]
