%YAML:1.0

cam0:
  T_cam_imu: #rotation from camera to IMU R_CtoI, position of camera in IMU p_CinI
    - [1.000,-0.012,0.016,0.016]
    - [-0.013,-1.000,0.016,0.019]
    - [0.016,-0.016,-1.000,-0.041]
    - [0.0, 0.0, 0.0, 1.0]
  cam_overlaps: []
  camera_model: pinhole
  distortion_coeffs: [0.01334,-0.02155,-0.00223,0.00300]
  distortion_model: radtan
  intrinsics: [387.054,394.881,325.003,240.753]
  resolution: [640, 480]
  timeshift_cam_imu: 0.0 #00576
  rostopic: /camera/infra1/image_rect_raw
cam1:
  T_cam_imu: #rotation from camera to IMU R_CtoI, position of camera in IMU p_CinI
    - [1.000,-0.012,0.012,0.056]
    - [-0.012,-1.000,0.014,0.004]
    - [0.012,-0.014,-1.000,-0.030]
    - [0.0, 0.0, 0.0, 1.0]
  cam_overlaps: []
  camera_model: pinhole
  distortion_coeffs: [0.01692,-0.01868,0.00145,-0.00136]
  distortion_model: radtan
  intrinsics: [386.613,394.327,319.582,244.825]
  resolution: [640, 480]
  timeshift_cam_imu: 0.0 #00576
  rostopic: /camera/infra2/image_rect_raw

cam2:
  T_cam_imu: #rotation from camera to IMU R_CtoI, position of camera in IMU p_CinI
    - [1.000,-0.012,0.016,0.016]
    - [-0.013,-1.000,0.016,0.019]
    - [0.016,-0.016,-1.000,-0.041]
    - [0.0, 0.0, 0.0, 1.0]
  cam_overlaps: []
  camera_model: pinhole
  distortion_coeffs: [0.01334,-0.02155,-0.00223,0.00300]
  distortion_model: radtan
  intrinsics: [387.054,394.881,325.003,240.753]
  resolution: [640, 480]
  timeshift_cam_imu: 0.0 #00576
  rostopic: /camera/infra1/image_rect_raw
cam3:
  T_cam_imu: #rotation from camera to IMU R_CtoI, position of camera in IMU p_CinI
    - [1.000,-0.012,0.012,0.056]
    - [-0.012,-1.000,0.014,0.004]
    - [0.012,-0.014,-1.000,-0.030]
    - [0.0, 0.0, 0.0, 1.0]
  cam_overlaps: []
  camera_model: pinhole
  distortion_coeffs: [0.01692,-0.01868,0.00145,-0.00136]
  distortion_model: radtan
  intrinsics: [386.613,394.327,319.582,244.825]
  resolution: [640, 480]
  timeshift_cam_imu: 0.0 #00576
  rostopic: /camera/infra2/image_rect_raw
